function [A,B]=jacobian_stirredTankReactor(x,u)

A=[397/403 - (432000000000*exp(-8750/(x(2) + 350)))/403,-(3780000000000000*exp(-8750/(x(2) + 350))*(x(1) + 1/2))/(403*(x(2) + 350)^2);...
(21600000000000000*exp(-8750/(x(2) + 350)))/97817 - 9000/97817,(836500000*exp(-8750/(x(2) + 350))*((54000000000000*x(1))/239 + 27000000000000/239))/(97817*(x(2) + 350)^2) + 72683/97817];

B=[3/200,0;...
0,3/200];

